0.7914096711438767
0.9897334698928554
0.18790087093428087
0.49464382071008284
0.9638549557690037
0.9626220574857048
0.4550605893451508
0.9178312911848974
0.4304953508460112
0.8678789335611237
0.13821125352262642
0.21728779875852533
0.7151372761327233
0.7632268919293219
0.022616657321081757
0.7408739249248989
0.44176287441228534
0.24184402300305718
0.2823313696401313
0.5582552394387746
0.26899609828126536
0.7579812473672817
0.11775800288991478
0.006383166006002083
0.021449533917491048
0.9049855004496197
0.22329845561303674
0.040591765120520096
0.04613999726260021
0.11372519091227451
0.21095954756912016
0.9327709665423085
0.9645883808759466
0.966303084918163
0.436944650935586
0.5569660365133419
0.5137948329026624
0.8019619338320155
0.9477142335984465
0.2544111646918752
0.906536832715282
0.9363160803589458
0.03479762330216085
0.3357447520463869
0.6594383238767877
0.22673085203783228
0.7530466275148894
0.25272825716475167
0.9435226062297186
0.7484345169845893
0.45365712813558445
0.9281555994158537
0.8086076488171255
0.3460921811180644
0.4863011135310499
0.5681549145624177
0.37595262175300936
0.5570633912325345
0.6129516514473267
0.4079991687664234
0.04509313508078727
0.48561610283085865
0.335422111426144
0.5265603514286836
0.31983005818401267
0.38965420852305943
0.46503416264961683
0.40765411538969865
0.4339235453005449
0.9639974655420767
0.5449176338472145
0.6190433317335876
0.03361175121423299
0.47655581573292793
0.7369159615523264
0.9405067944189224
0.3288840568212965
0.5424534862525421
0.07135036249095639
0.3711176000313212
0.668175832356894
0.3157572004462802
0.5285701711145915
0.4835727250056645
0.302273075679101
0.8825392958800831
0.3759366392709108
0.37166351079250626
0.22687221399708812
0.01523133126153231
0.5383172652712752
0.7214383089767141
0.8834074511964936
0.08272597018187933
0.13699571353057194
0.7578536019518838
0.5483151800094165
0.6834787547943467
0.7085179225499254
0.17060738625982041
0.34331620998166057
0.24681917846693846
0.4585898249574508
0.35651554121821194
0.8798180430299141
0.9167024994602925
0.9528733377939885
0.22213934023673199
0.49239191789802694
0.9744075541338604
0.031597721331073636
0.5319568528614411
0.6471062628005986
0.880986665895213
0.26231732862917967
0.5461914584909299
0.8807462556800885
0.5187061807812023
0.25766804522534625
0.14178678467957873
0.34475537186373206
0.46112554589352606
0.6491828333927329
0.1446616581258402
0.8899744917456558
0.7538601084641094
0.040901101083711255
0.8469456056870862
0.6820720423090431
0.8131197388826474
0.42154273872511394
0.018611276969372592
0.41184572693906374
0.22290782179530055
0.5290200587933334
0.09950598825761436
0.7491046422803721
0.915967080804207
0.4675543619467807
0.7086422460408419
0.5944266783653314
0.08246856525248225
0.6951234563425456
0.3668654581097027
0.9205176661611776
0.8783314595371631
0.04478664232361762
0.46092332141479175
0.010930303728491353
0.06746710410749424
0.9705325163206203
0.9201517170417914
0.3550665456527924
0.7337381054072113
0.06098779994594972
0.0076908396354582464
